{
  "accessors": [
    {
      "bufferView": 2,
      "componentType": 5126,
      "count": 65532,
      "max": [
        11.055030822753906,
        20.334125518798828,
        7.8543992042541504
      ],
      "min": [
        -12.958864212036133,
        -16.819253921508789,
        -9.3369684219360352
      ],
      "type": "VEC3"
    },
    {
      "bufferView": 2,
      "byteOffset": 786384,
      "componentType": 5126,
      "count": 65532,
      "max": [
        1,
        0.99965298175811768,
        0.99999982118606567
      ],
      "min": [
        -0.99999463558197021,
        -0.98491811752319336,
        -0.99965846538543701
      ],
      "type": "VEC3"
    },
    {
      "bufferView": 1,
      "componentType": 5126,
      "count": 65532,
      "max": [
        0.99853515625,
        0.99705016613006592
      ],
      "min": [
        0.00146484375,
        0.001474916934967041
      ],
      "type": "VEC2"
    },
    {
      "bufferView": 1,
      "byteOffset": 524256,
      "componentType": 5126,
      "count": 65532,
      "max": [
        0.99853515625,
        0.99705016613006592
      ],
      "min": [
        0.00146484375,
        0.001474916934967041
      ],
      "type": "VEC2"
    },
    {
      "bufferView": 0,
      "componentType": 5125,
      "count": 363912,
      "max": [
        65531
      ],
      "min": [
        0
      ],
      "type": "SCALAR"
    },
    {
      "bufferView": 2,
      "byteOffset": 1572768,
      "componentType": 5126,
      "count": 65532,
      "max": [
        11.773354530334473,
        18.973297119140625,
        8.0135688781738281
      ],
      "min": [
        -6.1765236854553223,
        -18.493877410888672,
        -9.3799285888671875
      ],
      "type": "VEC3"
    },
    {
      "bufferView": 2,
      "byteOffset": 2359152,
      "componentType": 5126,
      "count": 65532,
      "max": [
        0.99998307228088379,
        0.99994432926177979,
        0.99999541044235229
      ],
      "min": [
        -0.99998939037322998,
        -0.99980342388153076,
        -0.99965858459472656
      ],
      "type": "VEC3"
    },
    {
      "bufferView": 1,
      "byteOffset": 1048512,
      "componentType": 5126,
      "count": 65532,
      "max": [
        0.99853515625,
        0.99729597568511963
      ],
      "min": [
        0.001953125,
        0.001474916934967041
      ],
      "type": "VEC2"
    },
    {
      "bufferView": 1,
      "byteOffset": 1572768,
      "componentType": 5126,
      "count": 65532,
      "max": [
        0.99853515625,
        0.99729597568511963
      ],
      "min": [
        0.001953125,
        0.001474916934967041
      ],
      "type": "VEC2"
    },
    {
      "bufferView": 0,
      "byteOffset": 1455648,
      "componentType": 5125,
      "count": 355140,
      "max": [
        65531
      ],
      "min": [
        0
      ],
      "type": "SCALAR"
    },
    {
      "bufferView": 2,
      "byteOffset": 3145536,
      "componentType": 5126,
      "count": 65532,
      "max": [
        6.508857250213623,
        19.333099365234375,
        1.1951031684875488
      ],
      "min": [
        -12.825117111206055,
        -20.354103088378906,
        -9.4288749694824219
      ],
      "type": "VEC3"
    },
    {
      "bufferView": 2,
      "byteOffset": 3931920,
      "componentType": 5126,
      "count": 65532,
      "max": [
        0.99562275409698486,
        0.99995863437652588,
        0.99999982118606567
      ],
      "min": [
        -0.99998605251312256,
        -0.99998271465301514,
        -0.99965894222259521
      ],
      "type": "VEC3"
    },
    {
      "bufferView": 1,
      "byteOffset": 2097024,
      "componentType": 5126,
      "count": 65532,
      "max": [
        0.99853515625,
        0.99827927350997925
      ],
      "min": [
        0.00146484375,
        0.001474916934967041
      ],
      "type": "VEC2"
    },
    {
      "bufferView": 1,
      "byteOffset": 2621280,
      "componentType": 5126,
      "count": 65532,
      "max": [
        0.99853515625,
        0.99827927350997925
      ],
      "min": [
        0.00146484375,
        0.001474916934967041
      ],
      "type": "VEC2"
    },
    {
      "bufferView": 0,
      "byteOffset": 2876208,
      "componentType": 5125,
      "count": 350910,
      "max": [
        65531
      ],
      "min": [
        0
      ],
      "type": "SCALAR"
    },
    {
      "bufferView": 2,
      "byteOffset": 4718304,
      "componentType": 5126,
      "count": 65532,
      "max": [
        6.317420482635498,
        12.657953262329102,
        9.3346385955810547
      ],
      "min": [
        -3.8900260925292969,
        -5.5785617828369141,
        -7.0298466682434082
      ],
      "type": "VEC3"
    },
    {
      "bufferView": 2,
      "byteOffset": 5504688,
      "componentType": 5126,
      "count": 65532,
      "max": [
        0.99975699186325073,
        0.99998992681503296,
        0.99999094009399414
      ],
      "min": [
        -0.99999457597732544,
        -0.99980103969573975,
        -0.99912601709365845
      ],
      "type": "VEC3"
    },
    {
      "bufferView": 1,
      "byteOffset": 3145536,
      "componentType": 5126,
      "count": 65532,
      "max": [
        0.99853515625,
        0.99827927350997925
      ],
      "min": [
        0.015869140625,
        0.001474916934967041
      ],
      "type": "VEC2"
    },
    {
      "bufferView": 1,
      "byteOffset": 3669792,
      "componentType": 5126,
      "count": 65532,
      "max": [
        0.99853515625,
        0.99827927350997925
      ],
      "min": [
        0.015869140625,
        0.001474916934967041
      ],
      "type": "VEC2"
    },
    {
      "bufferView": 0,
      "byteOffset": 4279848,
      "componentType": 5125,
      "count": 353442,
      "max": [
        65531
      ],
      "min": [
        0
      ],
      "type": "SCALAR"
    },
    {
      "bufferView": 2,
      "byteOffset": 6291072,
      "componentType": 5126,
      "count": 26341,
      "max": [
        6.9056930541992188,
        9.1367263793945312,
        9.2854881286621094
      ],
      "min": [
        -3.8900260925292969,
        -1.8473258018493652,
        1.018465518951416
      ],
      "type": "VEC3"
    },
    {
      "bufferView": 2,
      "byteOffset": 6607164,
      "componentType": 5126,
      "count": 26341,
      "max": [
        0.99925094842910767,
        0.99985581636428833,
        0.99892663955688477
      ],
      "min": [
        -0.99999988079071045,
        -0.99968403577804565,
        -0.99784165620803833
      ],
      "type": "VEC3"
    },
    {
      "bufferView": 1,
      "byteOffset": 4194048,
      "componentType": 5126,
      "count": 26341,
      "max": [
        0.987548828125,
        0.99852508306503296
      ],
      "min": [
        0.00146484375,
        0.0066371560096740723
      ],
      "type": "VEC2"
    },
    {
      "bufferView": 1,
      "byteOffset": 4404776,
      "componentType": 5126,
      "count": 26341,
      "max": [
        0.987548828125,
        0.99852508306503296
      ],
      "min": [
        0.00146484375,
        0.0066371560096740723
      ],
      "type": "VEC2"
    },
    {
      "bufferView": 0,
      "byteOffset": 5693616,
      "componentType": 5125,
      "count": 141096,
      "max": [
        26340
      ],
      "min": [
        0
      ],
      "type": "SCALAR"
    }
  ],
  "asset": {
    "extras": {
      "author": "Addere Creations (https://sketchfab.com/adderecreations)",
      "license": "CC-BY-4.0 (http://creativecommons.org/licenses/by/4.0/)",
      "source": "https://sketchfab.com/3d-models/tiger-058d4a2f9c5d4e1d9acb8e513fb0ccc1",
      "title": "Tiger"
    },
    "generator": "Sketchfab-8.8.0",
    "version": "2.0"
  },
  "bufferViews": [
    {
      "buffer": 0,
      "byteLength": 6258000,
      "byteOffset": 0,
      "name": "floatBufferViews",
      "target": 34963
    },
    {
      "buffer": 0,
      "byteLength": 4615504,
      "byteOffset": 6258000,
      "byteStride": 8,
      "name": "floatBufferViews",
      "target": 34962
    },
    {
      "buffer": 0,
      "byteLength": 6923256,
      "byteOffset": 10873504,
      "byteStride": 12,
      "name": "floatBufferViews",
      "target": 34962
    }
  ],
  "buffers": [
    {
      "byteLength": 17796760,
      "uri": "scene.bin"
    }
  ],
  "extensionsUsed": [
    "KHR_materials_unlit"
  ],
  "images": [
    {
      "uri": "textures/Material_0_baseColor.jpeg"
    }
  ],
  "materials": [
    {
      "doubleSided": true,
      "emissiveFactor": [
        0,
        0,
        0
      ],
      "extensions": {
        "KHR_materials_unlit": {}
      },
      "name": "Material_0",
      "pbrMetallicRoughness": {
        "baseColorFactor": [
          1,
          1,
          1,
          1
        ],
        "baseColorTexture": {
          "index": 0,
          "texCoord": 0
        },
        "metallicFactor": 0,
        "roughnessFactor": 1
      }
    }
  ],
  "meshes": [
    {
      "name": "mainMeshNode_Material_0_0",
      "primitives": [
        {
          "attributes": {
            "NORMAL": 1,
            "POSITION": 0,
            "TEXCOORD_0": 2,
            "TEXCOORD_1": 3
          },
          "indices": 4,
          "material": 0,
          "mode": 4
        }
      ]
    },
    {
      "name": "mainMeshNode_Material_0_0",
      "primitives": [
        {
          "attributes": {
            "NORMAL": 6,
            "POSITION": 5,
            "TEXCOORD_0": 7,
            "TEXCOORD_1": 8
          },
          "indices": 9,
          "material": 0,
          "mode": 4
        }
      ]
    },
    {
      "name": "mainMeshNode_Material_0_0",
      "primitives": [
        {
          "attributes": {
            "NORMAL": 11,
            "POSITION": 10,
            "TEXCOORD_0": 12,
            "TEXCOORD_1": 13
          },
          "indices": 14,
          "material": 0,
          "mode": 4
        }
      ]
    },
    {
      "name": "mainMeshNode_Material_0_0",
      "primitives": [
        {
          "attributes": {
            "NORMAL": 16,
            "POSITION": 15,
            "TEXCOORD_0": 17,
            "TEXCOORD_1": 18
          },
          "indices": 19,
          "material": 0,
          "mode": 4
        }
      ]
    },
    {
      "name": "mainMeshNode_Material_0_0",
      "primitives": [
        {
          "attributes": {
            "NORMAL": 21,
            "POSITION": 20,
            "TEXCOORD_0": 22,
            "TEXCOORD_1": 23
          },
          "indices": 24,
          "material": 0,
          "mode": 4
        }
      ]
    }
  ],
  "nodes": [
    {
      "children": [
        1
      ],
      "name": "RootNode (gltf orientation matrix)",
      "rotation": [
        -0.70710678118654746,
        -0,
        -0,
        0.70710678118654757
      ]
    },
    {
      "children": [
        2
      ],
      "matrix": [
        -0.71763110160827637,
        0.69642347097396851,
        -1.6081226229577292e-16,
        0,
        0.69642347097396851,
        0.71763110160827637,
        -2.832769343193999e-16,
        0,
        -8.1876831807226139e-17,
        -3.1528178306382802e-16,
        -1,
        0,
        -1.0252095460891724,
        0.41567716002464294,
        0.09426116943359375,
        1
      ],
      "name": "RootNode (model correction matrix)"
    },
    {
      "children": [
        3
      ],
      "matrix": [
        1,
        0,
        0,
        0,
        0,
        -1,
        0,
        0,
        0,
        0,
        -1,
        0,
        0,
        0,
        0,
        1
      ],
      "name": "270b531c3eed483aad5827bc35579b90.fbx"
    },
    {
      "children": [
        4,
        6,
        8,
        10,
        12,
        14,
        16,
        18,
        20,
        22,
        24,
        26,
        28,
        30,
        32,
        34,
        36,
        38,
        40,
        42,
        44,
        46,
        48,
        50,
        52,
        54,
        56,
        58,
        60,
        62,
        64,
        66,
        68,
        70,
        72,
        74,
        76,
        78,
        80,
        82,
        84,
        86
      ],
      "name": "RootNode"
    },
    {
      "children": [
        5
      ],
      "matrix": [
        0.44103196558626334,
        -0.79847962666853922,
        -0.40978176036322977,
        0,
        0.2432286869584126,
        -0.33316086109613741,
        0.91095754372756976,
        0,
        -0.8639042835705838,
        -0.50143207558845992,
        0.047278561731990632,
        0,
        -21.665033340454102,
        41.372135162353516,
        20.046285629272461,
        1
      ],
      "name": "IMG_20190121_124818_jpg"
    },
    {
      "name": ""
    },
    {
      "children": [
        7
      ],
      "matrix": [
        0.63544359672995365,
        -0.63930159217067128,
        -0.43301837099936613,
        0,
        0.34184244617395465,
        -0.2699247785368879,
        0.90015796165207518,
        0,
        -0.6923548059836856,
        -0.72002367195798267,
        0.047018447990510026,
        0,
        -31.804946899414062,
        32.6829833984375,
        20.102085113525391,
        1
      ],
      "name": "IMG_20190121_124822_jpg"
    },
    {
      "name": ""
    },
    {
      "children": [
        9
      ],
      "matrix": [
        0.78364331677959054,
        -0.44195264422797575,
        -0.43655585247088657,
        0,
        0.40505210742851072,
        -0.16929754303293643,
        0.8984826833004258,
        0,
        -0.47099463089764038,
        -0.88091781806415481,
        0.046344961783178595,
        0,
        -38.992679595947266,
        22.173419952392578,
        20.125585556030273,
        1
      ],
      "name": "IMG_20190121_124827_jpg"
    },
    {
      "name": ""
    },
    {
      "children": [
        11
      ],
      "matrix": [
        0.87948294876134914,
        -0.19317124244959299,
        -0.43496507207880808,
        0,
        0.43442434043801287,
        -0.047440135921475557,
        0.89945812906368749,
        0,
        -0.19438424646313202,
        -0.980017502187707,
        0.042195498962897426,
        0,
        -41.203319549560547,
        8.5079574584960938,
        20.071285247802734,
        1
      ],
      "name": "IMG_20190121_124831_jpg"
    },
    {
      "name": ""
    },
    {
      "children": [
        13
      ],
      "matrix": [
        0.89480031759070966,
        0.10383254316286109,
        -0.43422482036371168,
        0,
        0.42841420219855764,
        0.074080100228047119,
        0.90054062101871679,
        0,
        0.12567284111588514,
        -0.99183211368181423,
        0.021803561069843824,
        0,
        -41.502899169921875,
        -7.5965375900268555,
        19.184484481811523,
        1
      ],
      "name": "IMG_20190121_124835_jpg"
    },
    {
      "name": ""
    },
    {
      "children": [
        15
      ],
      "matrix": [
        0.81013247535716371,
        0.41496606832810973,
        -0.41411174157222963,
        0,
        0.34984943845186417,
        0.22460390460902624,
        0.90948252124452322,
        0,
        0.47041550015554312,
        -0.8816780864752678,
        0.036783271234627657,
        0,
        -37.776443481445312,
        -24.76215934753418,
        18.504985809326172,
        1
      ],
      "name": "IMG_20190121_124839_jpg"
    },
    {
      "name": ""
    },
    {
      "children": [
        17
      ],
      "matrix": [
        0.61215392532471657,
        0.68469649743234162,
        -0.3955480730751002,
        0,
        0.24328923792296187,
        0.31287547106524494,
        0.91810635893482728,
        0,
        0.75238149792535824,
        -0.65825500074787491,
        0.024948658681573921,
        0,
        -27.196897506713867,
        -39.891128540039062,
        17.671384811401367,
        1
      ],
      "name": "IMG_20190121_124845_jpg"
    },
    {
      "name": ""
    },
    {
      "children": [
        19
      ],
      "matrix": [
        0.3080980821925271,
        0.87557286913458987,
        -0.37208563877783474,
        0,
        0.083139180241713018,
        0.36483502551678981,
        0.92735283515224087,
        0,
        0.94771485609228623,
        -0.3166505250139115,
        0.039610561096650176,
        0,
        -12.068540573120117,
        -52.910301208496094,
        17.768285751342773,
        1
      ],
      "name": "IMG_20190121_124850_jpg"
    },
    {
      "name": ""
    },
    {
      "children": [
        21
      ],
      "matrix": [
        -0.011874199761356508,
        0.92454601994528995,
        -0.38088536383451516,
        0,
        -0.065204195957213995,
        0.37938557223764346,
        0.92293824300843075,
        0,
        0.99780129094404413,
        0.035794476965577915,
        0.055779379784648642,
        0,
        6.3419308662414551,
        -52.966495513916016,
        18.121685028076172,
        1
      ],
      "name": "IMG_20190121_124854_jpg"
    },
    {
      "name": ""
    },
    {
      "children": [
        23
      ],
      "matrix": [
        -0.34477159179659278,
        0.86264920013087865,
        -0.37009310585797089,
        0,
        -0.21030771510288659,
        0.31325710562887266,
        0.92608890002052435,
        0,
        0.91482414400705836,
        0.3971225796735523,
        0.073419631265597696,
        0,
        25.371557235717773,
        -48.532585144042969,
        18.340385437011719,
        1
      ],
      "name": "IMG_20190121_124858_jpg"
    },
    {
      "name": ""
    },
    {
      "children": [
        25
      ],
      "matrix": [
        -0.60392740192802385,
        0.69838528299321312,
        -0.38409593814430876,
        0,
        -0.31585499490677965,
        0.2327440413810925,
        0.91981836978505405,
        0,
        0.73178365340645946,
        0.67682213889624354,
        0.080027975777279492,
        0,
        39.572872161865234,
        -36.053043365478516,
        18.616485595703125,
        1
      ],
      "name": "IMG_20190121_124902_jpg"
    },
    {
      "name": ""
    },
    {
      "children": [
        27
      ],
      "matrix": [
        -0.82845260813097132,
        0.40091451524401772,
        -0.39106754857395848,
        0,
        -0.3878678061720105,
        0.092995872586163819,
        0.91701163166954958,
        0,
        0.4040109417036904,
        0.91138319007352342,
        0.078459160300789477,
        0,
        49.21307373046875,
        -16.793107986450195,
        18.909585952758789,
        1
      ],
      "name": "IMG_20190121_124906_jpg"
    },
    {
      "name": ""
    },
    {
      "children": [
        29
      ],
      "matrix": [
        -0.91440386499403203,
        0.024058594314806975,
        -0.40408755947637365,
        0,
        -0.40458772144396815,
        -0.08687751528257448,
        0.91036315445821081,
        0,
        -0.013204065311648805,
        0.99592845193714685,
        0.08917494761043665,
        0,
        48.524387359619141,
        5.26861572265625,
        19.342185974121094,
        1
      ],
      "name": "IMG_20190121_124911_jpg"
    },
    {
      "name": ""
    },
    {
      "children": [
        31
      ],
      "matrix": [
        -0.82859650982023503,
        -0.37865182158773353,
        -0.41237194608995453,
        0,
        -0.32390604455950206,
        -0.27654469918839064,
        0.90476953068094668,
        0,
        -0.45663190669459686,
        0.88325864125922582,
        0.10649635876105412,
        0,
        42.369781494140625,
        27.73267936706543,
        20.039585113525391,
        1
      ],
      "name": "IMG_20190121_124915_jpg"
    },
    {
      "name": ""
    },
    {
      "children": [
        33
      ],
      "matrix": [
        -0.58206695306745004,
        -0.6922865661264157,
        -0.42654117328538288,
        0,
        -0.2049364081406235,
        -0.38273142984154873,
        0.90084278385846206,
        0,
        -0.78689207059494193,
        0.61176463037048801,
        0.080900594945064741,
        0,
        27.080780029296875,
        45.899803161621094,
        20.313985824584961,
        1
      ],
      "name": "IMG_20190121_124918_jpg"
    },
    {
      "name": ""
    },
    {
      "children": [
        35
      ],
      "matrix": [
        -0.22246130798184272,
        -0.87552373190509658,
        -0.42891626376482905,
        0,
        -0.031383715684379587,
        -0.43328163923012131,
        0.90071198698357591,
        0,
        -0.97443626207199918,
        0.21383455281369257,
        0.068911212310613035,
        0,
        7.1491265296936035,
        56.08642578125,
        20.937786102294922,
        1
      ],
      "name": "IMG_20190121_124924_jpg"
    },
    {
      "name": ""
    },
    {
      "children": [
        37
      ],
      "matrix": [
        0.13422336716285821,
        -0.8820320084916029,
        -0.45166760311509346,
        0,
        0.14534533024655216,
        -0.43333964702191974,
        0.88943323824469189,
        0,
        -0.98023406525328705,
        -0.18503050104019914,
        0.070034927013795212,
        0,
        -10.691910743713379,
        51.164333343505859,
        21.415985107421875,
        1
      ],
      "name": "IMG_20190121_124930_jpg"
    },
    {
      "name": ""
    },
    {
      "children": [
        39
      ],
      "matrix": [
        0.55317305970136088,
        -0.70380290342335994,
        -0.44571407780491229,
        0,
        0.3130857156000062,
        -0.32016905228164294,
        0.89413036669621448,
        0,
        -0.77199540199917438,
        -0.63415554171979249,
        0.043241741387343158,
        0,
        -31.052461624145508,
        39.380191802978516,
        21.349084854125977,
        1
      ],
      "name": "IMG_20190121_124935_jpg"
    },
    {
      "name": ""
    },
    {
      "children": [
        41
      ],
      "matrix": [
        0.34296272254714555,
        -0.59015537428331388,
        -0.7308168068316242,
        0,
        0.41242885907629301,
        -0.60440019868732864,
        0.68161780788631499,
        0,
        -0.84396623578439256,
        -0.53517944096465431,
        0.036110370043567763,
        0,
        -18.039556503295898,
        28.938774108886719,
        28.873184204101562,
        1
      ],
      "name": "IMG_20190121_124941_jpg"
    },
    {
      "name": ""
    },
    {
      "children": [
        43
      ],
      "matrix": [
        0.57252121070772155,
        -0.34559460641159689,
        -0.74349433845119373,
        0,
        0.67610131787861527,
        -0.31396877648042398,
        0.6665662872949587,
        0,
        -0.46379572146858405,
        -0.88430083988120201,
        0.053903184811627591,
        0,
        -23.52473258972168,
        15.575750350952148,
        27.870784759521484,
        1
      ],
      "name": "IMG_20190121_124945_jpg"
    },
    {
      "name": ""
    },
    {
      "children": [
        45
      ],
      "matrix": [
        0.6718894011143911,
        -0.078639172621146947,
        -0.73646487574059238,
        0,
        0.7405045852001626,
        0.05152049207826892,
        0.67007357670150525,
        0,
        -0.01475099887058251,
        -0.9955709514773291,
        0.092848740469893221,
        0,
        -23.569408416748047,
        3.0499944686889648,
        27.258384704589844,
        1
      ],
      "name": "IMG_20190121_124951_jpg"
    },
    {
      "name": ""
    },
    {
      "children": [
        47
      ],
      "matrix": [
        0.57925278547712233,
        0.38097151485808156,
        -0.72064340376064884,
        0,
        0.51529382129389067,
        0.513879124715511,
        0.68585750919411836,
        0,
        0.63161577581100281,
        -0.76862796595515492,
        0.10135364669466229,
        0,
        -17.388988494873047,
        -13.723623275756836,
        26.659687042236328,
        1
      ],
      "name": "IMG_20190121_124955_jpg"
    },
    {
      "name": ""
    },
    {
      "children": [
        49
      ],
      "matrix": [
        0.40629940828036337,
        0.62142097525315876,
        -0.66989309770025218,
        0,
        0.22933483599502905,
        0.64031466886412081,
        0.73307752512034119,
        0,
        0.88449212762475149,
        -0.45147878837531707,
        0.11764599362917494,
        0,
        -12.400613784790039,
        -25.893589019775391,
        27.222785949707031,
        1
      ],
      "name": "IMG_20190121_125000_jpg"
    },
    {
      "name": ""
    },
    {
      "children": [
        51
      ],
      "matrix": [
        0.033935570294879369,
        0.71566479941342998,
        -0.69761900199843796,
        0,
        -0.094925972312847218,
        0.69717345120782204,
        0.71059006375788514,
        0,
        0.99490574269587062,
        0.042107883009121272,
        0.091594155595585258,
        0,
        2.2639689445495605,
        -28.276191711425781,
        28.092784881591797,
        1
      ],
      "name": "IMG_20190121_125006_jpg"
    },
    {
      "name": ""
    },
    {
      "children": [
        53
      ],
      "matrix": [
        -0.26115959441900216,
        0.68982332425768078,
        -0.6752328839393007,
        0,
        -0.33268284315651675,
        0.59233142430655361,
        0.7338021597462534,
        0,
        0.90615550106601406,
        0.41627787004482003,
        0.074799350256195662,
        0,
        15.341951370239258,
        -25.743440628051758,
        26.929183959960938,
        1
      ],
      "name": "IMG_20190121_125010_jpg"
    },
    {
      "name": ""
    },
    {
      "children": [
        55
      ],
      "matrix": [
        -0.53378842119374359,
        0.46042187683345104,
        -0.70928246611110635,
        0,
        -0.60189161205721609,
        0.38229062781325185,
        0.70112792215209574,
        0,
        0.59396667308415196,
        0.80116513355194885,
        0.073061755016094132,
        0,
        24.711137771606445,
        -14.831348419189453,
        27.035785675048828,
        1
      ],
      "name": "IMG_20190121_125014_jpg"
    },
    {
      "name": ""
    },
    {
      "children": [
        57
      ],
      "matrix": [
        -0.68380520228429198,
        0.085292677432309949,
        -0.72466240726656062,
        0,
        -0.72857818928743978,
        -0.025637460268157053,
        0.68448268256080402,
        0,
        0.039802856977537382,
        0.9960260437395333,
        0.079673413187832498,
        0,
        27.630777359008789,
        2.0573463439941406,
        26.861286163330078,
        1
      ],
      "name": "IMG_20190121_125018_jpg"
    },
    {
      "name": ""
    },
    {
      "children": [
        59
      ],
      "matrix": [
        -0.64643519749450973,
        -0.27140608608950628,
        -0.71306400264899772,
        0,
        -0.58841900007687564,
        -0.4175838881147631,
        0.69237762581952855,
        0,
        -0.48567954022046711,
        0.86715767471696437,
        0.1102404253924264,
        0,
        23.933704376220703,
        16.602985382080078,
        27.868686676025391,
        1
      ],
      "name": "IMG_20190121_125022_jpg"
    },
    {
      "name": ""
    },
    {
      "children": [
        61
      ],
      "matrix": [
        -0.41711968309046332,
        -0.55782452168172258,
        -0.71752559047679199,
        0,
        -0.31172013590699288,
        -0.65378857827433756,
        0.68948607802344086,
        0,
        -0.85372227735290906,
        0.51126538894059514,
        0.098822948867076432,
        0,
        14.823026657104492,
        28.952095031738281,
        27.875885009765625,
        1
      ],
      "name": "IMG_20190121_125025_jpg"
    },
    {
      "name": ""
    },
    {
      "children": [
        63
      ],
      "matrix": [
        -0.0028286958297130127,
        -0.62931996769558807,
        -0.77714115625124824,
        0,
        0.16179221893736301,
        -0.7671932055432984,
        0.62067532837992112,
        0,
        -0.98682079242952092,
        -0.12397969038444334,
        0.10398923021616324,
        0,
        -1.6578249931335449,
        28.332231521606445,
        27.838584899902344,
        1
      ],
      "name": "IMG_20190121_125031_jpg"
    },
    {
      "name": ""
    },
    {
      "children": [
        65
      ],
      "matrix": [
        0.28773587266361733,
        -0.57531980187450982,
        -0.76564691154185527,
        0,
        0.44953389562893808,
        -0.62478185009671705,
        0.63840967761336043,
        0,
        -0.84565202315324572,
        -0.52787760452665411,
        0.078853600907148991,
        0,
        -11.693381309509277,
        26.491262435913086,
        28.609683990478516,
        1
      ],
      "name": "IMG_20190121_125034_jpg"
    },
    {
      "name": ""
    },
    {
      "children": [
        67
      ],
      "matrix": [
        0.67644429322155297,
        -0.71533901696053848,
        0.17525184444656788,
        0,
        -0.10664131569449659,
        0.14031358399567084,
        0.98434736141935009,
        0,
        -0.72873228826156744,
        -0.68454524244948201,
        0.018629629219054977,
        0,
        -19.180044174194336,
        24.525598526000977,
        -3.9233353137969971,
        1
      ],
      "name": "IMG_20190121_125042_jpg"
    },
    {
      "name": ""
    },
    {
      "children": [
        69
      ],
      "matrix": [
        0.90600626305930454,
        -0.38306383344668871,
        0.18004096978866185,
        0,
        -0.1605162768577586,
        0.08263324678450501,
        0.98356813256102127,
        0,
        -0.39164674920269377,
        -0.92001839439816568,
        0.013378258779963681,
        0,
        -24.880718231201172,
        14.771551132202148,
        -3.8036952018737793,
        1
      ],
      "name": "IMG_20190121_125051_jpg"
    },
    {
      "name": ""
    },
    {
      "children": [
        71
      ],
      "matrix": [
        0.97173980219828571,
        0.16624749078644965,
        0.16758140896545146,
        0,
        -0.16974135253204306,
        -0.0012332115899427176,
        0.98548787533371873,
        0,
        0.16404154981049537,
        -0.98608328806261791,
        0.027020713154670695,
        0,
        -27.217781066894531,
        -2.4627079963684082,
        -3.4167852401733398,
        1
      ],
      "name": "IMG_20190121_125057_jpg"
    },
    {
      "name": ""
    },
    {
      "children": [
        73
      ],
      "matrix": [
        0.8158778447700904,
        0.57127166973664556,
        0.089398108311178309,
        0,
        -0.087109406501280018,
        -0.031409524492879148,
        0.99570346643472429,
        0,
        0.57162513390534797,
        -0.82015981438219476,
        0.024136800953250881,
        0,
        -21.868413925170898,
        -18.082197189331055,
        -2.8438353538513184,
        1
      ],
      "name": "IMG_20190121_125104_jpg"
    },
    {
      "name": ""
    },
    {
      "children": [
        75
      ],
      "matrix": [
        0.43092539075300251,
        0.89461958883210957,
        0.11814863047128094,
        0,
        -0.10842351748161838,
        -0.078649640862674897,
        0.99098868553030695,
        0,
        0.89585023774137906,
        -0.43985227664528398,
        0.063105675407804984,
        0,
        -8.0807418823242188,
        -25.611812591552734,
        -4.2598953247070312,
        1
      ],
      "name": "IMG_20190121_125110_jpg"
    },
    {
      "name": ""
    },
    {
      "children": [
        77
      ],
      "matrix": [
        -0.9664435998560581,
        0.25670568864557641,
        0.0094317397262566882,
        0,
        0.0010050961153882099,
        -0.032937519826734762,
        0.99945690730989611,
        0,
        0.25687693177679904,
        0.96592821120653871,
        0.031574241341224107,
        0,
        31.451780319213867,
        -5.1399669647216797,
        -1.440345287322998,
        1
      ],
      "name": "IMG_20190121_125126_jpg"
    },
    {
      "name": ""
    },
    {
      "children": [
        79
      ],
      "matrix": [
        -0.91519915449690026,
        -0.40185402776157869,
        -0.030394867658134178,
        0,
        -0.039691105464464249,
        0.014825514920566052,
        0.99910200693139883,
        0,
        -0.40104254606608503,
        0.91558371789756976,
        -0.029518329317487879,
        0,
        26.49995231628418,
        16.941291809082031,
        -0.053305149078369141,
        1
      ],
      "name": "IMG_20190121_125132_jpg"
    },
    {
      "name": ""
    },
    {
      "children": [
        81
      ],
      "matrix": [
        -0.50350483952996017,
        -0.86377040814006145,
        -0.019584651936158437,
        0,
        -0.043174665640392074,
        0.0025149334225075259,
        0.99906437398033598,
        0,
        -0.86291298797546745,
        0.50387930810009651,
        -0.038559279710840277,
        0,
        17.107492446899414,
        31.653972625732422,
        0.21913480758666992,
        1
      ],
      "name": "IMG_20190121_125136_jpg"
    },
    {
      "name": ""
    },
    {
      "children": [
        83
      ],
      "matrix": [
        0.021855740020692016,
        -0.99669835061749479,
        0.078196703923587851,
        0,
        0.022028840397924854,
        0.07867649403819843,
        0.99665678118225831,
        0,
        -0.99951841244614936,
        -0.020060088789002672,
        0.023675641890066101,
        0,
        -1.5069584846496582,
        37.158802032470703,
        -2.9571752548217773,
        1
      ],
      "name": "IMG_20190121_125144_jpg"
    },
    {
      "name": ""
    },
    {
      "children": [
        85
      ],
      "matrix": [
        0.46562211196184733,
        -0.88210619020119041,
        0.071307209038988961,
        0,
        -0.034931256635786112,
        0.062192966836219332,
        0.99745267666489013,
        0,
        -0.88429398740579135,
        -0.46692687230962632,
        -0.0018546571424797875,
        0,
        -16.343746185302734,
        33.398223876953125,
        -2.3670654296875,
        1
      ],
      "name": "IMG_20190121_125150_jpg"
    },
    {
      "name": ""
    },
    {
      "children": [
        87,
        88,
        89,
        90,
        91
      ],
      "name": "mainMeshNode"
    },
    {
      "mesh": 0,
      "name": "mainMeshNode_Material_0_0"
    },
    {
      "mesh": 1,
      "name": "mainMeshNode_Material_0_0"
    },
    {
      "mesh": 2,
      "name": "mainMeshNode_Material_0_0"
    },
    {
      "mesh": 3,
      "name": "mainMeshNode_Material_0_0"
    },
    {
      "mesh": 4,
      "name": "mainMeshNode_Material_0_0"
    }
  ],
  "samplers": [
    {
      "magFilter": 9729,
      "minFilter": 9987,
      "wrapS": 10497,
      "wrapT": 10497
    }
  ],
  "scene": 0,
  "scenes": [
    {
      "name": "OSG_Scene",
      "nodes": [
        0
      ]
    }
  ],
  "textures": [
    {
      "sampler": 0,
      "source": 0
    }
  ]
}

