{
  "asset": {
    "version": "2.0",
    "generator": "GLTFExporter"
  },
  "scenes": [
    {
      "name": "Scene",
      "nodes": [
        44
      ]
    }
  ],
  "scene": 0,
  "nodes": [
    {},
    {
      "matrix": [
        -21.812745142897725,
        -53.03028619965118,
        81.92676194474775,
        0,
        -13.662557573239553,
        84.78082856827771,
        51.240078216031115,
        0,
        -96.63094040962204,
        -0.016423138916543678,
        -25.738317439790137,
        0,
        56.17525100708008,
        260.67108154296875,
        -314.45648193359375,
        1
      ],
      "name": "Camera",
      "extras": {
        "name": "Camera"
      },
      "children": [
        0
      ]
    },
    {
      "matrix": [
        -8.988995869802762,
        -0.907343039914183,
        -17.82144223460103,
        0,
        -0.408621183070178,
        19.960100608186856,
        -0.8101236189661392,
        0,
        17.839847651698946,
        0.0000012652393580510075,
        -8.998279476910184,
        0,
        -85.64737701416015,
        57.71452331542969,
        -5.449304580688477,
        1
      ],
      "name": "snake",
      "extras": {
        "name": "snake"
      }
    },
    {},
    {
      "matrix": [
        1,
        0,
        0,
        0,
        0,
        2.220446049250313e-16,
        1,
        0,
        0,
        -1,
        2.220446049250313e-16,
        0,
        0,
        0,
        0,
        1
      ],
      "children": [
        3
      ]
    },
    {
      "matrix": [
        39.47841473127127,
        44.37392081307756,
        -80.45129053580507,
        0,
        -27.74321927810331,
        89.23376691968413,
        35.60407549217196,
        0,
        87.58864121193304,
        8.263852539071225,
        47.53883038544628,
        0,
        -271.6060791015625,
        315.16925048828125,
        212.30401611328125,
        1
      ],
      "name": "Light001",
      "extras": {
        "name": "Light.001"
      },
      "children": [
        4
      ]
    },
    {
      "matrix": [
        1,
        -6.240157223946451e-46,
        1.3234889800848443e-23,
        0,
        -6.240157223946451e-46,
        1,
        9.429858983104515e-23,
        0,
        -1.3234889800848443e-23,
        -9.429858983104515e-23,
        1,
        0,
        5.551115123125783e-17,
        0.07107186317443847,
        0,
        1
      ],
      "name": "Bone023_end_024",
      "extras": {
        "name": "Bone.023_end_024"
      }
    },
    {
      "matrix": [
        0.8126157668677922,
        0.582687825942084,
        0.011425198616783621,
        0,
        -0.5827998958860273,
        0.8124596987805351,
        0.015930470064491976,
        0,
        -2.3136184329475284e-8,
        -0.01960395315752074,
        0.9998078240558994,
        0,
        2.9134918921869257e-9,
        0.08631816506385803,
        4.190951585769653e-9,
        1
      ],
      "name": "Bone023_017",
      "extras": {
        "name": "Bone.023_017"
      },
      "children": [
        6
      ]
    },
    {
      "matrix": [
        0.8721958234870595,
        0.4887811735714218,
        0.019167948660530232,
        0,
        -0.4890628680534481,
        0.8721266385797961,
        0.014582104547620433,
        0,
        -0.00958942047491479,
        -0.022092782618894802,
        0.9997099339168446,
        0,
        -1.6849854844736e-11,
        0.0863678902387619,
        2.1827872842550278e-10,
        1
      ],
      "name": "Bone022_016",
      "extras": {
        "name": "Bone.022_016"
      },
      "children": [
        7
      ]
    },
    {
      "matrix": [
        0.8498008937603136,
        0.5260100201043724,
        0.03393623006300318,
        0,
        -0.5266987909829788,
        0.8499093918727132,
        0.015565872451933677,
        0,
        -0.02065491975094702,
        -0.03110206889619882,
        0.9993027747535973,
        0,
        1.2812106930937261e-8,
        0.10513375699520111,
        -1.6298145055770874e-9,
        1
      ],
      "name": "Bone021_015",
      "extras": {
        "name": "Bone.021_015"
      },
      "children": [
        8
      ]
    },
    {
      "matrix": [
        0.8843051004635551,
        0.46266296548980456,
        0.06283080312852109,
        0,
        -0.4659410670670651,
        0.8831076543285267,
        0.054954827524841564,
        0,
        -0.030060790988078206,
        -0.07787226234913569,
        0.996509980103133,
        0,
        7.461407491859972e-9,
        0.13832546770572662,
        2.8405338525772095e-8,
        1
      ],
      "name": "Bone020_014",
      "extras": {
        "name": "Bone.020_014"
      },
      "children": [
        9
      ]
    },
    {
      "matrix": [
        0.9934181115837941,
        0.11396334623689526,
        0.011524404413526034,
        0,
        -0.1135026999379157,
        0.9929263373766004,
        -0.03484519884649712,
        0,
        -0.015413959028009165,
        0.03330779870513148,
        0.9993260943488988,
        0,
        -8.040142773779735e-9,
        0.15137280523777008,
        -9.546056389808654e-9,
        1
      ],
      "name": "Bone019_013",
      "extras": {
        "name": "Bone.019_013"
      },
      "children": [
        10
      ]
    },
    {
      "matrix": [
        0.9587566792498463,
        -0.2821628716510563,
        -0.03420156094078053,
        0,
        0.2827859271067478,
        0.95906725861887,
        0.014903548874608541,
        0,
        0.02859636763733865,
        -0.023960595398925314,
        0.9993037668627108,
        0,
        -1.2628690981841828e-8,
        0.16875292360782623,
        6.51925802230835e-9,
        1
      ],
      "name": "Bone018_012",
      "extras": {
        "name": "Bone.018_012"
      },
      "children": [
        11
      ]
    },
    {
      "matrix": [
        0.9494991186141553,
        -0.3120592551180939,
        -0.03271587382785326,
        0,
        0.31148959468417736,
        0.9500086557009466,
        -0.02139321913923567,
        0,
        0.03775631746696905,
        0.010122189328046611,
        0.9992356491859423,
        0,
        -3.3480226591109385e-8,
        0.21098148822784424,
        -2.421438694000244e-8,
        1
      ],
      "name": "Bone017_011",
      "extras": {
        "name": "Bone.017_011"
      },
      "children": [
        12
      ]
    },
    {
      "matrix": [
        0.8830583178344767,
        -0.46590664780733615,
        -0.056026772809161796,
        0,
        0.4667053983388237,
        0.8844116954232689,
        0.0013349987725696857,
        0,
        0.048928751134604174,
        -0.02732688111648968,
        0.9984283147145374,
        0,
        1.746683864212173e-8,
        0.2692919373512268,
        2.8594513423740864e-8,
        1
      ],
      "name": "Bone016_010",
      "extras": {
        "name": "Bone.016_010"
      },
      "children": [
        13
      ]
    },
    {
      "matrix": [
        0.9447051367637861,
        -0.32571186976659816,
        -0.037999753363262584,
        0,
        0.32557543357300233,
        0.9454642527431967,
        -0.00989861836380565,
        0,
        0.03915151059322465,
        -0.003020511063137934,
        0.9992288397223668,
        0,
        4.0869942097288003e-8,
        0.30665987730026245,
        -9.313225746154785e-9,
        1
      ],
      "name": "Bone015_09",
      "extras": {
        "name": "Bone.015_09"
      },
      "children": [
        14
      ]
    },
    {
      "matrix": [
        0.8058442015801288,
        -0.5887579267235736,
        -0.06308122987958797,
        0,
        0.5881385492829168,
        0.8082054359042508,
        -0.029950544273701363,
        0,
        0.0686162130283241,
        -0.012965028926462674,
        0.9975588822340153,
        0,
        -7.774983146191516e-8,
        0.2859148681163788,
        -1.862645149230957e-8,
        1
      ],
      "name": "Bone014_08",
      "extras": {
        "name": "Bone.014_08"
      },
      "children": [
        15
      ]
    },
    {
      "matrix": [
        0.845838761275638,
        -0.5327560733801582,
        -0.026974959627722335,
        0,
        0.5304028266933467,
        0.845336402056371,
        -0.06386784071890639,
        0,
        0.0568289010192754,
        0.03971430607430393,
        0.9975937299726736,
        0,
        9.52264223030852e-9,
        0.26770833134651184,
        8.847564458847046e-9,
        1
      ],
      "name": "Bone013_07",
      "extras": {
        "name": "Bone.013_07"
      },
      "children": [
        16
      ]
    },
    {
      "matrix": [
        0.7399646368031028,
        -0.6722822316388978,
        -0.022114539536243593,
        0,
        0.6717852460067653,
        0.7402809098741112,
        -0.026244121801778215,
        0,
        0.034014423550165256,
        0.004563505219835395,
        0.9994108040510016,
        0,
        3.638839629616086e-8,
        0.2573517858982086,
        1.8866558093577623e-8,
        1
      ],
      "name": "Bone012_06",
      "extras": {
        "name": "Bone.012_06"
      },
      "children": [
        17
      ]
    },
    {
      "matrix": [
        0.8649650446935593,
        -0.5018225619958563,
        0.003136363611138602,
        0,
        0.501561015958116,
        0.8642749882203549,
        -0.038279272328405334,
        0,
        0.01649871914861656,
        0.0346833062265306,
        0.9992621580915209,
        0,
        -4.03581559282884e-8,
        0.2707555294036865,
        -5.326000973582268e-9,
        1
      ],
      "name": "Bone011_05",
      "extras": {
        "name": "Bone.011_05"
      },
      "children": [
        18
      ]
    },
    {
      "matrix": [
        0.9007663138161162,
        -0.43427100857871103,
        0.0053613779433210815,
        0,
        0.4342955943120607,
        0.9007571838538338,
        -0.004870180627547491,
        0,
        -0.00271432167814218,
        0.0067153178220484,
        0.9999737681388429,
        0,
        2.4612262450318667e-8,
        0.27415552735328674,
        2.5873305276036262e-8,
        1
      ],
      "name": "Bone010_04",
      "extras": {
        "name": "Bone.010_04"
      },
      "children": [
        19
      ]
    },
    {
      "matrix": [
        0.9647149821571168,
        0.2626104685670336,
        -0.01898388146858679,
        0,
        -0.2632757070343177,
        0.9630210178690751,
        -0.05723899387602297,
        0,
        0.003250318713190148,
        0.06021732411246694,
        0.9981799984595686,
        0,
        4.010808041243763e-8,
        0.2816363275051117,
        -2.8638169169425964e-8,
        1
      ],
      "name": "Bone009_03",
      "extras": {
        "name": "Bone.009_03"
      },
      "children": [
        20
      ]
    },
    {
      "matrix": [
        0.745171144158794,
        0.7479152666762375,
        -0.07208821574403283,
        0,
        -0.7494256888921698,
        0.7471233724753645,
        0.004641229753674145,
        0,
        0.05417533208994467,
        0.04778372196590286,
        1.0557629224866276,
        0,
        1.6059662044654033e-8,
        0.28220510482788086,
        6.51925802230835e-9,
        1
      ],
      "name": "Bone008_02",
      "extras": {
        "name": "Bone.008_02"
      },
      "children": [
        21
      ]
    },
    {
      "matrix": [
        0.9048544637656302,
        0.5401024605740259,
        -0.05555342301405018,
        0,
        -0.540447417368209,
        0.9063123622669392,
        0.00855534812275733,
        0,
        0.05209131564394773,
        0.021115655192563223,
        1.0537546318279433,
        0,
        -9.470088713214863e-9,
        0.2976952791213989,
        7.3196133598685264e-9,
        1
      ],
      "name": "Bone007_01",
      "extras": {
        "name": "Bone.007_01"
      },
      "children": [
        22
      ]
    },
    {
      "matrix": [
        0.9972038002167043,
        0.07473005216860143,
        -8.441414234283684e-11,
        0,
        -0.07433785427334102,
        0.9919702803401684,
        0.10231737854658414,
        0,
        0.007646183306552534,
        -0.1020312787016197,
        0.994751805121078,
        0,
        1.1102230246251565e-16,
        -0.8769111633300781,
        0.3064011335372925,
        1
      ],
      "name": "Bone006_00",
      "extras": {
        "name": "Bone.006_00"
      },
      "children": [
        23
      ]
    },
    {
      "matrix": [
        1,
        5.551115123125783e-17,
        0,
        0,
        -5.551115123125783e-17,
        1,
        0,
        0,
        0,
        0,
        1,
        0,
        1.1102230246251565e-16,
        0.4813438355922699,
        -1.1102230246251565e-16,
        1
      ],
      "name": "Bone_end_025",
      "extras": {
        "name": "Bone_end_025"
      }
    },
    {
      "matrix": [
        0.8977460213934918,
        0.14667828131979751,
        0.4153760349045848,
        0,
        -0.13014146534457371,
        0.9891593080953865,
        -0.06802079515266197,
        0,
        -0.42085036882749893,
        0.007007767924318564,
        0.9071030257118559,
        0,
        2.9802322387695313e-8,
        0.13210339844226837,
        2.9802322387695313e-8,
        1
      ],
      "name": "Bone_023",
      "extras": {
        "name": "Bone_023"
      },
      "children": [
        25
      ]
    },
    {
      "matrix": [
        0.8928887410116735,
        0.4390787344343011,
        -0.09979760172553402,
        0,
        -0.4386987439233847,
        0.8982312630030715,
        0.026905226152042754,
        0,
        0.10145485663135173,
        0.01975771251438399,
        0.9946440485365131,
        0,
        1.564621925354004e-7,
        0.22590552270412445,
        -8.940696716308594e-8,
        1
      ],
      "name": "Bone001_022",
      "extras": {
        "name": "Bone.001_022"
      },
      "children": [
        26
      ]
    },
    {
      "matrix": [
        0.8229493170070725,
        0.5680920262901619,
        0.00508517109115747,
        0,
        -0.5577019854710689,
        0.8095392552947643,
        -0.18334240602561536,
        0,
        -0.10827201461108574,
        0.14804550539755,
        0.9830358990353223,
        0,
        6.705522537231445e-8,
        0.2695896029472351,
        1.1102230246251565e-16,
        1
      ],
      "name": "Bone002_021",
      "extras": {
        "name": "Bone.002_021"
      },
      "children": [
        27
      ]
    },
    {
      "matrix": [
        0.8545044812247508,
        0.5194355565821518,
        -0.00297572167429001,
        0,
        -0.5194410225374731,
        0.8544655763032742,
        -0.008360756384286976,
        0,
        -0.001800221090874522,
        0.008690014083396539,
        0.9999605610554962,
        0,
        5.960464477539063e-8,
        0.2975270748138428,
        -5.960464477539063e-8,
        1
      ],
      "name": "Bone003_020",
      "extras": {
        "name": "Bone.003_020"
      },
      "children": [
        28
      ]
    },
    {
      "matrix": [
        0.7411493763233063,
        0.6285301001455137,
        0.23589725200030997,
        0,
        -0.5436650552065716,
        0.7680728659650011,
        -0.33836722478025827,
        0,
        -0.393860264608481,
        0.12253156437966872,
        0.9109665784832734,
        0,
        2.460676995497124e-8,
        0.2888492941856384,
        4.190951585769653e-8,
        1
      ],
      "name": "Bone004_019",
      "extras": {
        "name": "Bone.004_019"
      },
      "children": [
        29
      ]
    },
    {
      "matrix": [
        0.8307136289861918,
        -0.5566999879688397,
        -2.8859054523877603e-7,
        0,
        -0.5511699250278175,
        -0.822461596208848,
        -0.1406009417587963,
        0,
        0.07827178039781492,
        0.11679849861256139,
        -0.9900597385634812,
        0,
        1.1102230246251565e-16,
        -0.8769111633300781,
        0.3064011335372925,
        1
      ],
      "name": "Bone005_018",
      "extras": {
        "name": "Bone.005_018"
      },
      "children": [
        30
      ]
    },
    {
      "name": "_rootJoint",
      "extras": {
        "name": "_rootJoint"
      },
      "children": [
        24,
        31
      ]
    },
    {
      "matrix": [
        -8.988988782557537,
        -0.9073428726686036,
        -17.821437633094213,
        0,
        -0.40862122500830716,
        19.96010207657468,
        -0.8101234617679127,
        0,
        17.83984418292716,
        0.0000013496379290235581,
        -8.998272965908215,
        0,
        -85.6473780453142,
        57.71452253739943,
        -5.449296030735297,
        1
      ]
    },
    {
      "name": "0",
      "mesh": 0,
      "skin": 0
    },
    {
      "name": "1",
      "mesh": 1,
      "skin": 1
    },
    {
      "name": "2",
      "mesh": 2,
      "skin": 2
    },
    {
      "children": [
        32,
        33,
        34,
        35,
        36
      ]
    },
    {
      "matrix": [
        -45.03480759395444,
        0.0000019293171504841666,
        -89.28530651763147,
        0,
        -89.28530651762933,
        0.000021484898660162344,
        45.03480809393068,
        0,
        0.00001960531612610339,
        99.99999950002092,
        -0.000007227945708621064,
        0,
        -65.79708099365234,
        21.35401725769043,
        -15.46163272857666,
        1
      ],
      "name": "Armature",
      "extras": {
        "name": "Armature"
      },
      "children": [
        37
      ]
    },
    {
      "name": "RootNode",
      "extras": {
        "name": "RootNode"
      },
      "children": [
        1,
        2,
        5,
        38
      ]
    },
    {
      "children": [
        39
      ]
    },
    {
      "matrix": [
        1,
        0,
        0,
        0,
        0,
        2.220446049250313e-16,
        1,
        0,
        0,
        -1,
        2.220446049250313e-16,
        0,
        0,
        0,
        0,
        1
      ],
      "name": "1f74712f178c4eb7a16b1039e45d5dc8fbx",
      "extras": {
        "name": "1f74712f178c4eb7a16b1039e45d5dc8.fbx"
      },
      "children": [
        40
      ]
    },
    {
      "name": "RootNode_(model_correction_matrix)",
      "extras": {
        "name": "RootNode (model correction matrix)"
      },
      "children": [
        41
      ]
    },
    {
      "matrix": [
        1,
        0,
        0,
        0,
        0,
        2.220446049250313e-16,
        -1,
        0,
        0,
        1,
        2.220446049250313e-16,
        0,
        0,
        0,
        0,
        1
      ],
      "name": "RootNode_(gltf_orientation_matrix)",
      "extras": {
        "name": "RootNode (gltf orientation matrix)"
      },
      "children": [
        42
      ]
    },
    {
      "name": "scene.gltf",
      "children": [
        43
      ]
    }
  ],
  "bufferViews": [
    {
      "buffer": 0,
      "byteOffset": 0,
      "byteLength": 1632,
      "target": 34962,
      "byteStride": 8
    },
    {
      "buffer": 0,
      "byteOffset": 1632,
      "byteLength": 2448,
      "target": 34962,
      "byteStride": 12
    },
    {
      "buffer": 0,
      "byteOffset": 4080,
      "byteLength": 2448,
      "target": 34962,
      "byteStride": 12
    },
    {
      "buffer": 0,
      "byteOffset": 6528,
      "byteLength": 1632,
      "target": 34962,
      "byteStride": 8
    },
    {
      "buffer": 0,
      "byteOffset": 8160,
      "byteLength": 3264,
      "target": 34962,
      "byteStride": 16
    },
    {
      "buffer": 0,
      "byteOffset": 11424,
      "byteLength": 2448,
      "target": 34962,
      "byteStride": 12
    },
    {
      "buffer": 0,
      "byteOffset": 13872,
      "byteLength": 2448,
      "target": 34962,
      "byteStride": 12
    },
    {
      "buffer": 0,
      "byteOffset": 16320,
      "byteLength": 4032,
      "target": 34963
    },
    {
      "buffer": 0,
      "byteOffset": 20352,
      "byteLength": 7840,
      "target": 34962,
      "byteStride": 8
    },
    {
      "buffer": 0,
      "byteOffset": 28192,
      "byteLength": 11760,
      "target": 34962,
      "byteStride": 12
    },
    {
      "buffer": 0,
      "byteOffset": 39952,
      "byteLength": 11760,
      "target": 34962,
      "byteStride": 12
    },
    {
      "buffer": 0,
      "byteOffset": 51712,
      "byteLength": 7840,
      "target": 34962,
      "byteStride": 8
    },
    {
      "buffer": 0,
      "byteOffset": 59552,
      "byteLength": 15680,
      "target": 34962,
      "byteStride": 16
    },
    {
      "buffer": 0,
      "byteOffset": 75232,
      "byteLength": 15680,
      "target": 34962,
      "byteStride": 16
    },
    {
      "buffer": 0,
      "byteOffset": 90912,
      "byteLength": 11760,
      "target": 34962,
      "byteStride": 12
    },
    {
      "buffer": 0,
      "byteOffset": 102672,
      "byteLength": 11760,
      "target": 34962,
      "byteStride": 12
    },
    {
      "buffer": 0,
      "byteOffset": 114432,
      "byteLength": 22944,
      "target": 34963
    },
    {
      "buffer": 0,
      "byteOffset": 137376,
      "byteLength": 1064,
      "target": 34962,
      "byteStride": 8
    },
    {
      "buffer": 0,
      "byteOffset": 138440,
      "byteLength": 1596,
      "target": 34962,
      "byteStride": 12
    },
    {
      "buffer": 0,
      "byteOffset": 140036,
      "byteLength": 1596,
      "target": 34962,
      "byteStride": 12
    },
    {
      "buffer": 0,
      "byteOffset": 141632,
      "byteLength": 1064,
      "target": 34962,
      "byteStride": 8
    },
    {
      "buffer": 0,
      "byteOffset": 142696,
      "byteLength": 2128,
      "target": 34962,
      "byteStride": 16
    },
    {
      "buffer": 0,
      "byteOffset": 144824,
      "byteLength": 1596,
      "target": 34962,
      "byteStride": 12
    },
    {
      "buffer": 0,
      "byteOffset": 146420,
      "byteLength": 1596,
      "target": 34962,
      "byteStride": 12
    },
    {
      "buffer": 0,
      "byteOffset": 148016,
      "byteLength": 2496,
      "target": 34963
    },
    {
      "buffer": 0,
      "byteOffset": 150512,
      "byteLength": 1728
    },
    {
      "buffer": 0,
      "byteOffset": 152240,
      "byteLength": 1728
    },
    {
      "buffer": 0,
      "byteOffset": 153968,
      "byteLength": 1728
    }
  ],
  "buffers": [
    {
      "byteLength": 155696,
